1 2 1 1_01.wav
1 2 2 1_02.wav
1 2 3 1_03.wav
1 2 6 1_04.wav
1 2 7 1_05.wav
1 2 8 1_06.wav
1 3 1 1_07.wav
1 3 2 1_08.wav
1 3 3 1_09.wav
1 3 6 1_10.wav
1 3 7 1_11.wav
1 3 8 1_12.wav
1 4 5 1_13.wav
1 6 1 1_14.wav
1 6 2 1_15.wav
1 6 3 1_16.wav
1 6 6 1_17.wav
1 6 7 1_18.wav
1 6 8 1_19.wav
1 7 1 1_20.wav
1 7 2 1_21.wav
1 7 3 1_22.wav
1 7 6 1_23.wav
1 7 7 1_24.wav
1 7 8 1_25.wav

2 1 1 2_05.wav
2 1 2 2_03.wav
2 1 3 2_01.wav
2 1 6 2_02.wav
2 1 7 2_04.wav
2 2 1 2_06.wav
2 2 2 2_13.wav
2 2 3 2_18.wav
2 2 8 2_07.wav
2 3 1 2_08.wav
2 3 2 2_12.wav
2 3 3 2_14.wav
2 3 4 2_17.wav
2 3 8 2_09.wav
2 4 1 2_10.wav
2 4 2 2_11.wav
2 4 3 2_16.wav
2 4 4 2_15.wav
2 5 1 2_23.wav
2 5 2 2_29.wav
2 5 3 2_30.wav
2 5 4 2_40.wav
2 5 5 2_41.wav
2 5 6 2_31.wav
2 5 8 2_24.wav
2 6 1 2_25.wav
2 6 2 2_28.wav
2 6 3 2_32.wav
2 6 4 2_38.wav
2 6 5 2_39.wav
2 6 6 2_33.wav
2 7 1 2_26.wav
2 7 2 2_27.wav
2 7 3 2_34.wav
2 7 4 2_36.wav
2 7 5 2_37.wav
2 7 6 2_35.wav
2 8 1 2_22.wav
2 8 2 2_21.wav
2 8 3 2_19.wav
2 8 6 2_20.wav

3 1 1 3_35.wav
3 1 2 3_37.wav
3 1 3 3_39.wav
3 1 4 3_41.wav
3 1 5 3_42.wav
3 1 6 3_40.wav
3 1 7 3_38.wav
3 1 8 3_36.wav
3 2 2 3_51.wav
3 2 4 3_63.wav
3 2 5 3_64.wav
3 2 7 3_52.wav
3 3 2 3_53.wav
3 3 4 3_65.wav
3 3 5 3_66.wav
3 3 7 3_54.wav
3 4 2 3_55.wav
3 4 5 3_01.wav
3 4 5 3_02.wav
3 4 5 3_03.wav
3 4 5 3_04.wav
3 4 5 3_05.wav
3 4 5 3_06.wav
3 4 5 3_07.wav
3 4 5 3_08.wav
3 4 5 3_09.wav
3 4 5 3_10.wav
3 4 5 3_11.wav
3 4 5 3_12.wav
3 4 5 3_13.wav
3 4 5 3_14.wav
3 4 5 3_15.wav
3 4 5 3_16.wav
3 4 5 3_17.wav
3 4 5 3_18.wav
3 4 5 3_19.wav
3 4 5 3_20.wav
3 4 5 3_21.wav
3 4 5 3_22.wav
3 4 5 3_23.wav
3 4 5 3_24.wav
3 4 5 3_25.wav
3 4 5 3_26.wav
3 4 5 3_27.wav
3 4 5 3_28.wav
3 4 5 3_29.wav
3 4 5 3_30.wav
3 4 5 3_31.wav
3 4 5 3_32.wav
3 4 5 3_33.wav
3 4 5 3_34.wav
3 4 7 3_56.wav
3 5 1 3_47.wav
3 5 2 3_57.wav
3 5 4 3_48.wav
3 5 5 3_46.wav
3 5 7 3_58.wav
3 5 8 3_45.wav
3 6 2 3_59.wav
3 6 4 3_67.wav
3 6 5 3_68.wav
3 6 7 3_60.wav
3 7 2 3_61.wav
3 7 4 3_69.wav
3 7 5 3_70.wav
3 7 7 3_62.wav
3 8 1 3_43.wav
3 8 4 3_44.wav
3 8 5 3_50.wav
3 8 8 3_49.wav

4 1 5 4_20.wav
4 1 6 4_22.wav
4 1 7 4_21.wav
4 1 8 4_23.wav
4 2 1 4_14.wav
4 2 2 4_10.wav
4 2 3 4_09.wav
4 2 4 4_12.wav
4 2 5 4_27.wav
4 2 6 4_25.wav
4 2 7 4_26.wav
4 2 8 4_24.wav
4 3 1 4_11.wav
4 3 2 4_08.wav
4 3 3 4_07.wav
4 3 4 4_13.wav
4 3 5 4_30.wav
4 3 5 4_31.wav
4 3 5 4_32.wav
4 3 5 4_33.wav
4 3 6 4_04.wav
4 3 7 4_03.wav
4 3 8 4_28.wav
4 4 2 4_06.wav
4 4 3 4_05.wav
4 4 4 4__01.wav
4 4 4 4__02.wav
4 4 4 4__03.wav
4 4 4 4__04.wav
4 4 4 4__05.wav
4 4 4 4__06.wav
4 4 4 4__07.wav
4 4 4 4__08.wav
4 4 4 4__09.wav
4 4 4 4__10.wav
4 4 4 4__11.wav
4 4 4 4__12.wav
4 4 4 4__13.wav
4 4 4 4__14.wav
4 4 4 4__15.wav
4 4 4 4__16.wav
4 4 4 4__17.wav
4 4 4 4__18.wav
4 4 4 4__19.wav
4 4 4 4__20.wav
4 4 4 4__21.wav
4 4 4 4__22.wav
4 4 4 4__23.wav
4 4 4 4__24.wav
4 4 4 4__25.wav
4 4 4 4__26.wav
4 4 4 4__27.wav
4 4 4 4__28.wav
4 4 4 4__29.wav
4 4 4 4__30.wav
4 4 4 4__31.wav
4 4 4 4__32.wav
4 4 4 4__33.wav
4 4 4 4__34.wav
4 4 5 4_02.wav
4 4 8 4_29.wav
4 5 1 4_drum_2.wav
4 5 4 4__35.wav
4 5 4 4__36.wav
4 5 4 4__37.wav
4 5 4 4__38.wav
4 5 4 4__39.wav
4 5 4 4__40.wav
4 5 4 4__41.wav
4 5 4 4__42.wav
4 5 4 4__43.wav
4 5 4 4__44.wav
4 5 4 4__45.wav
4 5 4 4__46.wav
4 5 4 4__47.wav
4 5 4 4__48.wav
4 5 4 4__49.wav
4 5 4 4__50.wav
4 5 4 4__51.wav
4 5 4 4__52.wav
4 5 4 4__53.wav
4 5 4 4__54.wav
4 5 4 4__55.wav
4 5 4 4__56.wav
4 5 4 4__57.wav
4 5 4 4__58.wav
4 5 4 4__59.wav
4 5 4 4__60.wav
4 5 4 4__61.wav
4 5 4 4__62.wav
4 5 4 4__63.wav
4 5 4 4__64.wav
4 5 4 4__65.wav
4 5 4 4__66.wav
4 5 4 4__67.wav
4 5 4 4__68.wav
4 5 7 4_16.wav
4 6 6 4_18.wav
4 6 7 4_15.wav
4 6 8 4_19.wav
4 7 7 4_17.wav
4 8 1 4_drum_1.wav
4 8 5 4_01.wav

